420.0 1008.0 1596.0 2184.0 2772.0 3360.0 3948.0 
1008.0 2625.0 4242.0 5859.0 7476.0 9093.0 10710.0 
1596.0 4242.0 6888.0 9534.0 12180.0 14826.0 17472.0 
2184.0 5859.0 9534.0 13209.0 16884.0 20559.0 24234.0 
2772.0 7476.0 12180.0 16884.0 21588.0 26292.0 30996.0 
3360.0 9093.0 14826.0 20559.0 26292.0 32025.0 37758.0 
3948.0 10710.0 17472.0 24234.0 30996.0 37758.0 44520.0 
